! NUM ...........Latitude ..........Longitude
  107 -25.985575999999998 -52.747351000000002
  108          -24.535193 -53.204295000000002
  109 -25.424167000000001 -48.921111000000003
  110          -24.281838 -49.695061000000003
  111          -25.034837 -50.127451000000001
  112 -26.068542000000001 -52.589795000000002
  113 -26.280833000000001 -52.297221999999998
  114 -26.034652000000001          -51.189667
  115 -25.662777999999999 -51.965833000000003
  116 -25.757597000000001 -52.086889999999997
  117 -24.930555999999999 -51.428888999999998
  118 -24.573616000000001 -51.557251000000001
  119 -25.645593999999999 -51.956887000000002
  120 -25.747208000000001 -51.962417000000002
  121 -25.348959000000001 -51.419457999999999
  122 -25.281110999999999 -51.877222000000003
  123          -24.916649 -53.816651999999998
  124 -26.075081000000001 -52.828606000000001
  125 -24.255147999999998 -49.703051000000002
  126 -24.822870999999999 -51.447299000000001
  127 -25.386752999999999 -51.387605999999998
  128 -25.442778000000001 -51.457777999999998
  129 -24.853432999999999          -53.186442
  130 -25.640277999999999 -51.861389000000003
  145 -27.823775000000001 -52.069997000000001
  146 -27.891667000000002 -54.103056000000002
  147 -28.403055999999999 -53.810000000000002
  148          -28.565825 -53.251666999999998
  149          -28.937721 -52.485928999999999
  150          -28.907097 -51.946702999999999
  151 -29.126719999999999          -53.354937
  152 -29.584057999999999 -51.117297000000001
  153 -28.202045999999999 -53.440651000000003
  154 -28.397255000000001 -53.458514000000001
  155 -28.248989999999999 -53.561362000000003
  156 -28.619212999999998          -51.355024
  157          -29.289109 -50.740510999999998
  158 -27.473566999999999 -53.457461000000002
  159          -28.142077 -55.065820000000002
  160 -29.089372000000001 -51.309443999999999
  161          -27.353192 -52.769756000000001
  162 -27.440041999999998 -53.273200000000003
  163 -27.427499999999998 -53.540832999999999
  164          -27.598056 -53.385832999999998
  165          -27.561111          -53.186667
  166 -28.023099999999999          -54.835366
  167 -28.129999999999999 -51.626944000000002
  168          -28.160833          -51.500833
  169 -27.961317000000001          -53.970343
  170 -27.513332999999999 -53.431111000000001
  171 -27.729721999999999          -54.407778
  172          -27.429167 -54.120556000000001
  173          -27.883889          -53.135278
  174 -29.471388999999999 -51.868056000000003
  175          -30.787986 -52.629778999999999
  176 -30.317692000000001 -51.867606000000002
  177 -28.944721999999999 -52.503332999999998
  178 -27.781389000000001 -54.373610999999997
  179 -28.607140999999999 -51.219400999999998
  180 -28.840095999999999 -52.701417999999997
  181 -28.795832999999998 -53.971597000000003
  182          -27.476388 -52.801099000000001
  183 -28.213889000000002 -53.628889000000001
  184          -28.461389 -52.699167000000003
  185 -28.520309999999998          -51.908569
  186 -28.647500000000001 -51.354444000000001
  187          -28.813056 -51.737777999999999
  188 -28.536943999999998 -53.861389000000003
  189 -26.780830000000002 -49.396669000000003
  190 -27.815000000000001          -50.480556
  191 -27.541126999999999 -51.440247999999997
  192 -26.295000000000002 -49.001389000000003
  193 -27.207436999999999 -51.511172000000002
  194 -27.123602000000002 -52.766291000000002
  195 -26.348044999999999 -51.057816000000003
  196          -26.164679 -49.890349000000001
  197 -27.059999999999999 -49.509999999999998
  198          -27.209011 -50.541463999999998
  199          -28.419089 -49.252654999999997
  200 -27.021816999999999 -50.186404000000003
  201 -26.545310000000001 -50.756295000000001
  202 -27.097778000000002 -50.107500000000002
  203 -26.346944000000001 -49.130277999999997
  204 -28.317330999999999 -49.211140999999998
  205          -28.311785 -49.199216999999997
  206 -26.769089000000001 -52.225780999999998
  207            -27.1404 -50.545990000000003
  208          -27.104167              -51.25
  209 -27.982842999999999           -49.10183
  210          -26.988574 -52.452137999999998
  211          -26.952237 -52.455066000000002
  212 -26.571110999999998 -52.426667000000002
  213 -26.965838999999999 -52.459654999999998
  214 -27.098610999999998 -50.130000000000003
  215 -26.960253999999999 -51.156263000000003
  216 -28.417504000000001 -49.266981999999999
  217 -28.063746999999999 -49.091127999999998
  218 -28.099564999999998 -49.198846000000003
  219 -26.447143000000001          -53.407111
  220 -27.138733999999999 -52.701152999999998
  221 -28.025904000000001 -48.933095999999999
  222 -26.465631999999999 -53.399118000000001
  223 -27.316362000000002 -49.084547000000001
  224 -26.317081000000002 -49.320754999999998
  225          -26.654722 -49.881388999999999
  226 -27.529167000000001 -49.103056000000002
  227 -27.520382999999999 -49.079546999999998
  228 -27.317499999999999 -51.477778000000001
  229 -27.024166999999998 -50.181944000000001
  230 -26.553056000000002          -52.326667
  231 -27.049250000000001 -51.233054000000003
  232 -26.798888999999999 -51.950277999999997
  233 -26.421931000000001 -53.589827999999997
  234          -26.798835 -53.668266000000003
  235 -26.456102999999999 -50.883513999999998
  236 -27.134523999999999 -52.845984000000001
  237 -26.440556000000001 -50.834721999999999
  238 -27.330611000000001 -51.356926999999999
  239          -28.407439 -49.912928000000001
  240          -28.004327 -48.878548000000002
  241          -26.997778 -49.674722000000003
  242 -26.987611000000001 -49.681820000000002
  243 -28.090451000000002 -48.943755000000003
  244 -28.237777999999999 -49.163611000000003
  245 -27.152221999999998          -52.776111
  246 -27.092587000000002 -50.722785999999999
  247 -27.582813000000002 -51.355759999999997
  248 -27.790358000000001 -51.000999999999998
  249          -27.649742 -51.196002999999997
  250 -27.162500000000001 -52.771388999999999
  251 -26.585532000000001 -52.184325000000001
  252          -26.956944 -50.489443999999999
  253 -28.566943999999999 -49.122500000000002
  254 -26.877935999999998 -51.281078000000001
  255          -26.307575 -49.319541999999998
  256 -27.107289000000002 -51.201118000000001
  257 -27.085277999999999 -51.818333000000003
  258 -26.953047999999999 -50.143023999999997
  259 -27.029050999999999 -50.172486999999997
  260 -26.913333000000002 -50.739167000000002
  261          -27.008056 -51.080556000000001
  262 -27.064723999999998 -49.987803999999997
  263 -27.147144000000001 -52.051225000000002
  264 -27.140191000000002 -50.469963999999997
  265 -27.191389000000001 -52.755000000000003
  266 -26.977409000000002 -51.177090999999997
  267 -26.346944000000001 -49.130277999999997
  268          -26.739442 -52.978617999999997
  269 -27.246943999999999 -50.414721999999998
  270 -27.471195000000002 -48.836061999999998
  271          -26.706733          -52.888506
  272          -27.259722 -52.351944000000003
  273 -27.511385000000001 -49.000014999999998
  274          -26.728887 -53.652571000000002
  275 -26.580556000000001 -52.496110999999999
  276 -27.200832999999999 -52.733611000000003
  277 -27.281943999999999 -49.375556000000003
  278 -27.273261000000002          -51.932406
  279 -27.467777999999999 -49.877222000000003
  280 -27.195810999999999 -50.632831000000003
  281 -27.204443999999999 -50.634444000000002
  282 -26.785938999999999 -49.427109999999999
  283          -26.419708 -49.335092000000003
  284          -27.178901 -52.749704000000001
  285 -27.121110999999999 -51.991388999999998
  286 -27.371956000000001 -49.241886000000001
  287          -28.046592 -48.951917000000002
  288          -27.500681 -49.060510999999998
  289          -27.303611 -51.903610999999998
  290 -27.105727999999999          -52.171661
  291 -27.581666999999999 -48.731667000000002
  292 -27.357182999999999 -49.219531000000003
  293          -26.993333 -52.452221999999999
  294 -26.765277999999999          -49.400278
  948 -26.578126999999999 -51.700380000000003
 1228 -30.079059000000001 -50.172055999999998
 1229          -29.963092 -50.282572000000002
 1230 -29.932445999999999 -50.298431000000001
 1231 -30.457961000000001 -50.390639999999998
 1232 -29.991451999999999 -50.287964000000002
 1233 -29.944538000000001 -50.251596999999997
 1234 -29.959531999999999 -50.311391999999998
 1235 -30.452480000000001 -50.422640999999999
 1236 -30.446884000000001 -50.388826000000002
 1237 -30.840661000000001 -55.725110999999998
 1238 -30.848472999999998 -55.685552000000001
 1239 -30.801842000000001 -55.714247999999998
 1240          -29.912049 -50.282330999999999
 1241 -29.981480000000001 -50.254944000000002
 1242 -30.318801000000001 -50.316096000000002
 1243          -30.277877           -50.79777
 1244 -30.291889999999999 -50.335012999999996
 1245          -30.326528 -50.323379000000003
 1246 -32.200783999999999 -52.220877999999999
 1247 -32.218812999999997 -52.201822999999997
 1248 -32.210318999999998          -52.211447
 1249 -30.439761000000001 -50.405285999999997
 1250 -30.291516000000001 -50.305011999999998
 1251 -30.019411999999999          -50.336185
 1252 -33.543067999999998 -53.276881000000003
 1253          -33.551707 -53.227290000000004
 1254 -33.508732999999999          -53.283203
 1255 -33.501719999999999 -53.264338000000002
 1256 -33.522146999999997 -53.279001999999998
 1257          -33.566806 -53.245998999999998
 1258 -33.576712000000001 -53.295290999999999
 1259 -33.591296999999997 -53.271608000000001
 1260          -30.770889 -55.662925000000001
 1261 -33.664696999999997 -53.416428000000003
 1262 -33.553016999999997 -53.310752999999998
 1263 -33.668123999999999 -53.421838000000001
 1264 -33.656517999999998 -53.393571000000001
 1265 -33.659443000000003 -53.400286000000001
 1266          -33.717374 -53.416702999999998
 1267 -32.412692999999997 -52.355465000000002
 1268 -33.535702999999998 -53.301203999999998
 1269 -32.414521999999998 -52.372908000000002
 1270 -32.368867000000002 -52.341999999999999
 1271 -32.386208000000003 -52.326999999999998
 1272 -33.722805999999999 -53.399002000000003
 1273 -29.983063000000001 -50.332400999999997
 1274          -30.256059 -50.766131999999999
 1275          -29.772758 -50.080106000000001
 1276 -30.880728000000001          -55.676541
 1277 -30.887968999999998          -55.735225
 1278 -30.264848000000001 -50.783383000000001
 1279 -30.916295999999999 -55.708435999999999
 1280 -33.687519999999999 -53.380977000000001
 1281 -33.585076000000001 -53.359254999999997
 1282 -33.639854999999997 -53.325060999999998
 1283 -33.618186999999999 -53.357228999999997
 1284           -33.60716          -53.324821
 1285 -33.653483000000001 -53.304073000000002
 1286 -33.638748999999997 -53.309389000000003
 1287 -33.634033000000002 -53.353378999999997
 1288 -33.654305999999998 -53.323718999999997
 1289 -33.562491999999999 -53.352632999999997
 1290 -33.609943999999999 -53.344105999999996
 1291          -33.596055 -53.367691999999998
 1292 -33.118461000000003 -52.900035000000003
 1293 -33.163350999999999          -52.893701
 1294 -33.107463000000003          -52.870545
 1295 -33.207805999999998 -52.929758999999997
 1296 -33.061162000000003 -52.868237000000001
 1297 -33.087135000000004 -52.895696999999998
 1298 -33.083945999999997 -52.837629999999997
 1299 -33.098466000000002          -52.861922
 1300 -33.095069000000002 -52.843519000000001
 1301 -33.176175999999998           -52.92069
 1302 -33.189584000000004 -52.930163999999998
 1303 -33.138043000000003 -52.912052000000003
 1304 -26.600000000000001 -52.716700000000003
 1305 -26.583919000000002 -51.687587000000001
 1306 -28.471001000000001 -49.605034000000003
 1307 -26.584831000000001 -51.753169999999997
 1308          -28.455147 -49.598367000000003
 1309 -26.588940000000001 -51.742744999999999
 1310 -28.446425999999999 -49.607579000000001
 1311          -26.588562 -51.813800000000001
 1312          -28.440258          -49.570307
 1313          -26.612264 -51.740138000000002
 1314 -26.618265999999998 -51.564594999999997
 1315          -26.599387 -51.725472000000003
 1316 -28.480924999999999 -49.037159000000003
 1317 -28.443670000000001           -48.97627
 1517 -23.749746999999999 -50.907924999999999
 1518 -24.941110999999999 -51.384166999999998
 1519 -25.493611000000001          -52.212778
 1520 -25.820309000000002 -49.065069999999999
 1521 -25.572752000000001 -53.112909999999999
 1522 -24.787500000000001              -51.43
 1523          -24.133288          -49.643929
 1524 -25.765802999999998 -52.088434999999997
 1525 -25.019977000000001 -50.061923999999998
 1526 -25.997081000000001 -52.785434000000002
 1527 -24.087039000000001 -52.300243999999999
 1528 -24.733056000000001          -53.892778
 1529 -25.000561000000001 -48.622751000000001
 1530 -25.708611000000001 -51.998055999999998
 1531          -24.694647 -51.519291000000003
 1532 -26.093171999999999 -51.877828000000001
 1533          -24.918889 -51.408639000000001
 1534          -24.747902 -52.468493000000002
 1535 -26.053194000000001 -52.180216999999999
 1536          -25.973889          -52.151111
 1537 -25.806944000000001 -52.898611000000002
 1538 -22.986425000000001 -51.824375000000003
 1539          -25.488056 -52.215555999999999
 1540 -24.419167000000002 -54.027777999999998
 1541 -25.981058999999998 -52.216971999999998
 1542 -24.737397000000001 -50.118822000000002
 1543 -25.176666999999998 -50.940277999999999
 1544 -23.995304999999998 -52.232388999999998
 1545 -26.039232999999999          -52.932758
 1546 -25.425083000000001          -52.086945
 1547           -24.72185 -50.134377999999998
 1548          -24.072222          -49.624167
 1549 -24.637578000000001 -53.102642000000003
 1550 -26.037949999999999          -52.176361
 1551 -26.005438999999999 -52.183497000000003
 1552 -25.523382999999999          -51.783344
 1553 -25.479071999999999 -52.192641999999999
 1554          -25.616128 -53.081856000000002
 1555 -26.091328000000001 -52.955888999999999
 1556 -26.060666999999999 -52.924416999999998
 1591 -28.351019999999998 -52.214236999999997
 1592          -29.020636 -50.730849999999997
 1593 -28.629425999999999 -52.935631000000001
 1594 -28.671769000000001 -52.726249000000003
 1595 -28.555807999999999 -52.545560999999999
 1596 -27.659365000000001 -51.748249000000001
 1597          -29.365278 -54.503889000000001
 1598 -27.765274000000002 -53.557757000000002
 1599          -29.501023 -51.002482000000001
 1600 -28.102952999999999 -53.014927999999998
 1601 -29.270060999999998 -50.754627999999997
 1602           -28.80639 -50.613016999999999
 1603 -27.770555999999999          -54.389111
 1604          -28.442266 -54.289259000000001
 1605 -29.079847999999998          -52.209626
 1606 -28.940691000000001 -51.773356999999997
 1607           -28.96283 -51.757733999999999
 1608          -28.705921 -51.850793000000003
 1609          -27.561118 -53.578856999999999
 1610 -27.622091000000001 -53.803828000000003
 1611 -28.291931000000002 -53.877428000000002
 1612 -27.788627999999999 -51.347751000000002
 1613 -27.738444999999999 -51.313436000000003
 1614 -28.936548999999999 -51.465321000000003
 1615 -28.891438000000001 -51.455876000000004
 1616 -27.575448000000002 -53.789122999999996
 1617           -27.63747          -51.489846
 1618          -27.544625 -53.806891999999998
 1619 -28.792511000000001          -50.565393
 1620 -28.896014000000001 -50.811950000000003
 1621          -28.964385 -50.798974999999999
 1622 -28.774722000000001 -51.843055999999997
 1623          -28.828236 -51.842160999999997
 1624 -29.036328999999999 -51.094402000000002
 1625 -29.122216000000002          -53.366177
 1626 -29.128506999999999 -53.319845999999998
 1627 -27.502714000000001 -52.811495000000001
 1628 -29.236958999999999 -51.156300999999999
 1629          -27.770833 -51.333333000000003
 1630 -27.281220000000001 -52.794725999999997
 1631          -27.441222 -53.561166999999998
 1632          -29.052222 -52.218611000000003
 1633 -28.791841999999999 -50.746476000000001
 1634           -28.31212 -53.896040999999997
 1635 -28.614653000000001 -51.402906000000002
 1636          -28.560789 -51.406996999999997
 1637 -28.559100000000001 -51.310899999999997
 1638          -29.418889 -54.049166999999997
 1639 -29.364084999999999 -54.013537999999997
 1640 -29.411667000000001                 -54
 1641 -28.795694999999998 -50.729667999999997
 1642 -28.421074999999998 -54.298039000000003
 1643 -27.614360999999999 -51.749889000000003
 1644 -28.597975000000002 -51.399160999999999
 1645 -28.370491999999999 -53.879019999999997
 1646 -28.590278000000001 -52.581667000000003
 1647          -28.107778 -48.959721999999999
 1648 -26.759094000000001 -52.258116999999999
 1649 -27.456192000000001          -48.983902
 1650 -26.748428000000001 -52.407631000000002
 1651          -26.699444          -51.824444
 1652 -26.788177000000001 -52.503618000000003
 1653          -26.767166 -52.317888000000004
 1654 -27.012222000000001          -52.427222
 1655 -26.957903000000002 -52.340463999999997
 1656 -27.058685000000001 -52.470565999999998
 1657 -26.577777999999999 -52.496110999999999
 1658          -26.773595 -49.432881999999999
 1659 -26.662797000000001          -53.655766
 1660 -28.012778000000001 -49.123055999999998
 1661 -26.788409000000001 -53.394356000000002
 1662 -26.757445000000001 -49.454208999999999
 1663          -27.037222          -49.570833
 1664 -26.703333000000001 -51.918610999999999
 1665 -26.462222000000001 -53.315832999999998
 1666 -28.670000000000002 -52.859999999999999
 1667 -28.041388999999999 -49.128332999999998
 1668          -28.124326 -49.133248999999999
 1669 -28.081068999999999 -49.148729000000003
 1670 -27.110555999999999          -52.480556
 1671 -26.676138999999999 -51.753112999999999
 1672           -26.67493 -51.715784999999997
 1673 -27.717203000000001 -50.657471000000001
 1674          -26.899583 -53.029583000000002
 1675 -26.611160999999999          -52.534236
 1676 -27.323333000000002 -49.026667000000003
 1677 -27.318888999999999 -49.043332999999997
 1678 -27.498332999999999 -49.035277999999998
 1679 -26.837192000000002 -53.663449999999997
 1680 -26.762499999999999 -53.665556000000002
 1681          -26.448521          -50.988647
 1682          -26.758889 -52.385441999999998
 1683 -26.979444000000001 -52.379443999999999
 1684 -27.103611000000001 -51.282221999999997
 1685          -26.756964 -49.453601999999997
 1686 -26.710833000000001 -53.391666999999998
 1687          -26.682475 -52.045560999999999
 1688 -27.399553000000001 -49.032508999999997
 1689          -26.678611 -51.780555999999997
 1690 -26.789999999999999 -49.420000000000002
 1691 -27.525003999999999 -51.507679000000003
 1692 -26.577777999999999 -53.433610999999999
 1693 -27.014174000000001 -50.161422999999999
 1694 -27.460000000000001 -50.519722000000002
 1695 -27.299576999999999          -51.552723
 1696 -26.853332999999999          -52.900278
 1697 -27.120000000000001 -51.406666999999999
 1698 -26.772221999999999 -52.033889000000002
 1699 -26.783791999999998 -49.416854000000001
 1700 -27.302914000000001 -51.572907999999998
 1701 -26.692889000000001 -52.900806000000003
 1702 -26.757259000000001 -52.907794000000003
 1703 -26.954567000000001 -52.300989000000001
 1704 -26.781507999999999 -49.400382999999998
 1705 -26.302182999999999 -49.152886000000002
 1706          -27.532308          -51.423378
 2073          -27.687694          -53.307333
 2074 -27.365939000000001 -53.193536000000002
 2075 -27.357455999999999 -53.196986000000003
 2076 -29.183333000000001 -51.283332999999999
 2077 -27.356435999999999 -53.188930999999997
 2078          -29.449417          -51.353023
 2079 -27.608353000000001 -53.162013999999999
 2080 -29.752521999999999 -52.426738999999998
 2081 -29.122499999999999          -51.186667
 2082 -27.475193999999998 -53.189500000000002
 2083          -28.383889 -52.704444000000002
 2084 -30.002500000000001 -50.718055999999997
 2085 -29.172633000000001 -51.283405000000002
 2086 -29.985807000000001 -54.000050000000002
 2087          -28.447778          -48.974722
 2088            -27.5779           -48.50817
 2089          -27.058194 -52.784585999999997
 2090          -26.282045 -49.367663999999998
 2091          -27.592222 -48.681111000000001
 2092             -26.945 -52.948056000000001
 2093 -27.181667000000001 -49.597222000000002
 2094          -26.945833 -52.530278000000003
 2095          -26.874167 -52.408332999999999
 2161 -25.714939999999999 -48.972966999999997
 2162          -24.105017 -52.330058000000001
 2163          -25.532778 -51.815556000000001
 2164          -24.534167 -50.406388999999997
 2165 -29.314807999999999 -50.679836000000002
 2166 -28.282983000000002 -53.810253000000003
 2167 -26.330013999999998 -49.095365999999999
 2168             -26.645 -49.356943999999999
 2169          -27.548631 -49.006262999999997
 2170          -26.648868          -49.338538
 2171          -27.457753 -50.639724000000001
 2172 -26.879722000000001 -49.109999999999999
 2173 -27.132605999999999 -51.444352000000002
 2324 -23.567772000000001 -52.428502000000002
 2325          -22.875556          -52.180833
 2326          -23.270757 -52.487552000000001
 2327 -23.748010000000001 -52.873334999999997
 2328 -23.093153999999998          -49.941257
 2329 -25.357859000000001 -51.481257999999997
 2330          -22.931189 -51.951396000000003
 2331 -23.372599999999998 -52.905000000000001
 2332            -22.7088            -51.7774
 2333 -22.783080000000002 -52.704045000000001
 2334 -25.543323999999998          -49.372076
 2335 -23.265896999999999 -52.492139000000002
 2336 -22.858509000000002 -51.377479000000001
 2337 -24.243611000000001 -50.741388999999998
 2338 -22.652415000000001 -51.797713999999999
 2339 -25.660274999999999 -49.344163999999999
 2340          -24.118817 -49.469141999999998
 2341 -24.244285999999999 -50.743468999999997
 2342 -24.236716999999999 -53.703848999999998
 2343 -22.800108000000002 -52.989181000000002
 2344 -22.931761000000002 -51.951666000000003
 2345 -24.199380000000001 -52.970579999999998
 2352           -29.93901 -51.708534999999998
 2353          -29.869826 -51.177196000000002
 2354 -29.125768999999998 -56.543534999999999
 2355 -31.412676999999999 -53.073867999999997
 2356 -29.782509999999998 -55.769534999999998
 2357          -29.803355 -55.816194000000003
 2358 -28.671009999999999 -55.914701000000001
 2359 -30.150784999999999 -52.026029000000001
 2360 -30.131443000000001 -51.297535000000003
 2361 -27.673888999999999 -52.287500000000001
 2362 -29.870556000000001 -51.399000000000001
 2363              -28.41              -53.93
 2364 -28.417777999999998 -53.909722000000002
 2365 -28.924610999999999 -51.538153000000001
 2366          -28.501403 -52.644996999999996
 2367 -29.659849999999999 -53.860880000000002
 2368 -28.028618000000002 -54.388612000000002
 2369 -30.856642999999998 -51.778288000000003
 2370 -26.189174000000001 -50.369194999999998
 2371 -27.815999999999999 -50.326000000000001
 2372 -26.977222000000001 -48.703611000000002
 2373 -27.362221999999999          -48.639167
 2374 -27.867533000000002 -50.396774999999998
 2812          -31.031295           -55.93085
 2813          -31.075218          -55.886333
 2814 -31.018972999999999          -55.814473
 3391 -29.168444000000001 -56.491528000000002
 3393 -28.668980000000001 -49.230589000000002
 3398 -26.661808000000001 -49.332563999999998
 3399          -28.292389 -50.658247000000003
 3400          -28.018044 -50.745933000000001
 3401 -27.427675000000001 -51.788237000000002
 3402 -27.357876000000001 -51.688870999999999
 3403 -27.592493999999999 -48.707878000000001
 3404 -27.506115000000001          -48.996924
 3405          -28.282992 -50.202964000000001
 3406 -27.585000000000001            -49.0075
 3407 -26.806978000000001          -49.355646
 3408 -28.200659999999999 -50.170760999999999
 3409 -26.352430999999999 -49.323099999999997
 3410          -26.683619 -53.279207999999997
 3411 -27.091944000000002 -51.352499999999999
 3412 -27.271553999999998           -51.54806
 3413 -26.998055999999998          -50.686667
 3420 -25.551939000000001 -49.854446000000003
 3421 -25.657119000000002 -51.444738999999998
 3422 -24.097083000000001 -49.620916999999999
 3423          -24.303483 -51.347428999999998
 3424 -24.482803000000001 -50.382235999999999
 3425          -25.118592 -52.386575000000001
 3426 -26.243283000000002 -52.425806000000001
 3427 -24.936188999999999          -51.429603
 3428 -22.702971999999999 -52.052539000000003
 3429 -25.310805999999999 -51.967596999999998
 3430 -25.047090000000001 -50.988031999999997
 3431 -25.463536999999999 -51.660778999999998
 3432          -28.611756 -51.343477999999998
 3433 -28.351344999999998 -54.005957000000002
 3434 -28.752777999999999 -51.843888999999997
 3435 -29.448899999999998           -54.09225
 3436          -28.655853 -52.704068999999997
 3665 -26.609999999999999 -52.289999999999999
 3666 -23.079999999999998 -50.189999999999998
 3667 -23.530000000000001 -51.450000000000003
 3668 -25.969999999999999 -51.600000000000001
 3669              -24.07 -52.369999999999997
 3670 -27.350000000000001 -51.600000000000001
 3671                 -25 -53.460000000000001
 3672              -25.23              -49.32
 3673 -27.309999999999999 -50.539999999999999
 3674 -23.850000000000001 -50.390000000000001
 3675              -28.84 -51.899999999999999
 3676 -26.850000000000001 -49.149999999999999
 3677 -29.579999999999998 -54.450000000000003
 3678 -28.809999999999999 -51.609999999999999
 3679 -26.210000000000001 -52.670000000000002
 3680               -27.5 -53.219999999999999
 3681 -26.800000000000001 -52.719999999999999
 3682 -28.300000000000001 -54.289999999999999
 3683              -28.27 -49.920000000000002
 3684 -25.539999999999999 -53.009999999999998
 3685 -27.120000000000001              -51.25
 3686 -28.489999999999998 -50.909999999999997
 3687 -26.859999999999999 -52.390000000000001
 3688 -26.609999999999999 -52.289999999999999
 3689 -23.079999999999998 -50.189999999999998
 3690 -23.530000000000001 -51.450000000000003
 3691 -25.969999999999999 -51.600000000000001
 3692              -24.07 -52.369999999999997
 3693 -27.350000000000001 -51.600000000000001
 3694                 -25 -53.460000000000001
 3695              -25.23              -49.32
 3696 -27.309999999999999 -50.539999999999999
 3697 -23.850000000000001 -50.390000000000001
 3698              -28.84 -51.899999999999999
 3699 -26.850000000000001 -49.149999999999999
 3700 -29.579999999999998 -54.450000000000003
 3701 -28.809999999999999 -51.609999999999999
 3702 -26.210000000000001 -52.670000000000002
 3703               -27.5 -53.219999999999999
 3704 -26.800000000000001 -52.719999999999999
 3705 -28.300000000000001 -54.289999999999999
 3706              -28.27 -49.920000000000002
 3707 -25.539999999999999 -53.009999999999998
 3708 -27.120000000000001              -51.25
 3709 -28.489999999999998 -50.909999999999997
 3710 -26.859999999999999 -52.390000000000001
 3711 -26.609999999999999 -52.289999999999999
 3712 -23.079999999999998 -50.189999999999998
 3713 -23.530000000000001 -51.450000000000003
 3714 -25.969999999999999 -51.600000000000001
 3715              -24.07 -52.369999999999997
 3716 -27.350000000000001 -51.600000000000001
 3717                 -25 -53.460000000000001
 3718              -25.23              -49.32
 3719 -27.309999999999999 -50.539999999999999
 3720 -23.850000000000001 -50.390000000000001
 3721              -28.84 -51.899999999999999
 3722 -26.850000000000001 -49.149999999999999
 3723 -29.579999999999998 -54.450000000000003
 3724 -28.809999999999999 -51.609999999999999
 3725 -26.210000000000001 -52.670000000000002
 3726               -27.5 -53.219999999999999
 3727 -26.800000000000001 -52.719999999999999
 3728 -28.300000000000001 -54.289999999999999
 3729              -28.27 -49.920000000000002
 3730 -25.539999999999999 -53.009999999999998
 3731 -27.120000000000001              -51.25
 3732 -28.489999999999998 -50.909999999999997
 3733 -26.859999999999999 -52.390000000000001
 3734 -26.609999999999999 -52.289999999999999
 3735 -23.079999999999998 -50.189999999999998
 3736 -23.530000000000001 -51.450000000000003
 3737 -25.969999999999999 -51.600000000000001
 3738              -24.07 -52.369999999999997
 3739 -27.350000000000001 -51.600000000000001
 3740                 -25 -53.460000000000001
 3741              -25.23              -49.32
 3742 -27.309999999999999 -50.539999999999999
 3743 -23.850000000000001 -50.390000000000001
 3744              -28.84 -51.899999999999999
 3745 -26.850000000000001 -49.149999999999999
 3746 -29.579999999999998 -54.450000000000003
 3747 -28.809999999999999 -51.609999999999999
 3748 -26.210000000000001 -52.670000000000002
 3749               -27.5 -53.219999999999999
 3750 -26.800000000000001 -52.719999999999999
 3751 -28.300000000000001 -54.289999999999999
 3752              -28.27 -49.920000000000002
 3753 -25.539999999999999 -53.009999999999998
 3754 -27.120000000000001              -51.25
 3755 -28.489999999999998 -50.909999999999997
 3756 -26.859999999999999 -52.390000000000001
 3757 -26.609999999999999 -52.289999999999999
 3758 -23.079999999999998 -50.189999999999998
 3759 -23.530000000000001 -51.450000000000003
 3760 -25.969999999999999 -51.600000000000001
 3761              -24.07 -52.369999999999997
 3762 -27.350000000000001 -51.600000000000001
 3763                 -25 -53.460000000000001
 3764              -25.23              -49.32
 3765 -27.309999999999999 -50.539999999999999
 3766 -23.850000000000001 -50.390000000000001
 3767              -28.84 -51.899999999999999
 3768 -26.850000000000001 -49.149999999999999
 3769 -29.579999999999998 -54.450000000000003
 3770 -28.809999999999999 -51.609999999999999
 3771 -26.210000000000001 -52.670000000000002
 3772               -27.5 -53.219999999999999
 3773 -26.800000000000001 -52.719999999999999
 3774 -28.300000000000001 -54.289999999999999
 3775              -28.27 -49.920000000000002
 3776 -25.539999999999999 -53.009999999999998
 3777 -27.120000000000001              -51.25
 3778 -28.489999999999998 -50.909999999999997
 3779 -26.859999999999999 -52.390000000000001
 3780 -26.609999999999999 -52.289999999999999
 3781 -23.079999999999998 -50.189999999999998
 3782 -23.530000000000001 -51.450000000000003
 3783 -25.969999999999999 -51.600000000000001
 3784              -24.07 -52.369999999999997
 3785 -27.350000000000001 -51.600000000000001
 3786                 -25 -53.460000000000001
 3787              -25.23              -49.32
 3788 -27.309999999999999 -50.539999999999999
 3789 -23.850000000000001 -50.390000000000001
 3790              -28.84 -51.899999999999999
 3791 -26.850000000000001 -49.149999999999999
 3792 -29.579999999999998 -54.450000000000003
 3793 -28.809999999999999 -51.609999999999999
 3794 -26.210000000000001 -52.670000000000002
 3795               -27.5 -53.219999999999999
 3796 -26.800000000000001 -52.719999999999999
 3797 -28.300000000000001 -54.289999999999999
 3798              -28.27 -49.920000000000002
 3799 -25.539999999999999 -53.009999999999998
 3800 -27.120000000000001              -51.25
 3801 -28.489999999999998 -50.909999999999997
 3802 -26.859999999999999 -52.390000000000001
 3803 -26.609999999999999 -52.289999999999999
 3804 -23.079999999999998 -50.189999999999998
 3805 -23.530000000000001 -51.450000000000003
 3806 -25.969999999999999 -51.600000000000001
 3807              -24.07 -52.369999999999997
 3808 -27.350000000000001 -51.600000000000001
 3809                 -25 -53.460000000000001
 3810              -25.23              -49.32
 3811 -27.309999999999999 -50.539999999999999
 3812 -23.850000000000001 -50.390000000000001
 3813              -28.84 -51.899999999999999
 3814 -26.850000000000001 -49.149999999999999
 3815 -29.579999999999998 -54.450000000000003
 3816 -28.809999999999999 -51.609999999999999
 3817 -26.210000000000001 -52.670000000000002
 3818               -27.5 -53.219999999999999
 3819 -26.800000000000001 -52.719999999999999
 3820 -28.300000000000001 -54.289999999999999
 3821              -28.27 -49.920000000000002
 3822 -25.539999999999999 -53.009999999999998
 3823 -27.120000000000001              -51.25
 3824 -28.489999999999998 -50.909999999999997
 3825 -26.859999999999999 -52.390000000000001
 3826 -26.609999999999999 -52.289999999999999
 3827 -23.079999999999998 -50.189999999999998
 3828 -23.530000000000001 -51.450000000000003
 3829 -25.969999999999999 -51.600000000000001
 3830              -24.07 -52.369999999999997
 3831 -27.350000000000001 -51.600000000000001
 3832                 -25 -53.460000000000001
 3833              -25.23              -49.32
 3834 -27.309999999999999 -50.539999999999999
 3835 -23.850000000000001 -50.390000000000001
 3836              -28.84 -51.899999999999999
 3837 -26.850000000000001 -49.149999999999999
 3838 -29.579999999999998 -54.450000000000003
 3839 -28.809999999999999 -51.609999999999999
 3840 -26.210000000000001 -52.670000000000002
 3841               -27.5 -53.219999999999999
 3842 -26.800000000000001 -52.719999999999999
 3843 -28.300000000000001 -54.289999999999999
 3844              -28.27 -49.920000000000002
 3845 -25.539999999999999 -53.009999999999998
 3846 -27.120000000000001              -51.25
 3847 -28.489999999999998 -50.909999999999997
 3848 -26.859999999999999 -52.390000000000001
 4822          -25.364722 -49.295000000000002
 4823          -23.374444 -53.300277999999999
 4824 -23.388611000000001 -53.294443999999999
 4825          -23.749167 -53.270277999999998
 4826          -29.177778 -51.236111000000001
 4827 -29.133555999999999          -51.499139
 4828 -29.854444000000001 -51.414278000000003
 4829 -27.346388999999999 -52.783332999999999
 4830 -28.675356000000001 -53.094439000000001
 4831          -29.598889 -51.107500000000002
 4832          -27.645833 -52.251389000000003
 4833 -27.635833000000002 -52.286110999999998
 4834 -28.448056000000001 -52.177500000000002
 4835 -28.479067000000001 -52.793886000000001
 4836          -29.170278          -51.243333
 4837 -28.639333000000001 -53.536861000000002
 4838 -29.841111000000001          -51.135278
 4839          -27.086389 -51.672499999999999
 5790 -24.820879000000001 -51.467619999999997
 5791 -24.820879000000001 -51.467619999999997
 5792 -24.820879000000001 -51.467619999999997
 5793 -24.820879000000001 -51.467619999999997
 5794 -24.820879000000001 -51.467619999999997
 5795 -24.820879000000001 -51.467619999999997
 5796 -24.820879000000001 -51.467619999999997
 5797 -24.820879000000001 -51.467619999999997
 5798 -24.820879000000001 -51.467619999999997
 5799 -24.820879000000001 -51.467619999999997
 5800 -24.820879000000001 -51.467619999999997
 5801 -24.820879000000001 -51.467619999999997
 5802 -24.820879000000001 -51.467619999999997
 5803 -24.820879000000001 -51.467619999999997
 5804 -24.820879000000001 -51.467619999999997
 5805 -25.438303999999999 -49.251703999999997
 5806 -24.820879000000001 -51.467619999999997
 5807 -24.820879000000001 -51.467619999999997
 5808 -24.820879000000001 -51.467619999999997
 5809 -24.820879000000001 -51.467619999999997
 5810 -24.820879000000001 -51.467619999999997
 5811 -24.820879000000001 -51.467619999999997
 5812 -24.820879000000001 -51.467619999999997
 5813 -24.820879000000001 -51.467619999999997
 5814 -24.820879000000001 -51.467619999999997
 5815 -24.820879000000001 -51.467619999999997
 5816 -24.820879000000001 -51.467619999999997
 5817 -24.820879000000001 -51.467619999999997
 5818 -24.820879000000001 -51.467619999999997
 5819 -24.820879000000001 -51.467619999999997
 5820 -24.820879000000001 -51.467619999999997
 5821 -24.820879000000001 -51.467619999999997
 5822 -24.820879000000001 -51.467619999999997
 5823 -24.820879000000001 -51.467619999999997
 5824 -24.820879000000001 -51.467619999999997
 5825 -24.820879000000001 -51.467619999999997
 5826 -24.820879000000001 -51.467619999999997
 5827 -24.820879000000001 -51.467619999999997
 5828 -24.820879000000001 -51.467619999999997
 5829 -24.820879000000001 -51.467619999999997
 5830 -24.820879000000001 -51.467619999999997
 5831 -24.820879000000001 -51.467619999999997
 5832 -24.820879000000001 -51.467619999999997
 5833 -24.820879000000001 -51.467619999999997
 5834 -24.820879000000001 -51.467619999999997
 5835 -24.820879000000001 -51.467619999999997
 5836 -24.820879000000001 -51.467619999999997
 5837 -24.820879000000001 -51.467619999999997
 5838 -24.820879000000001 -51.467619999999997
 5839 -24.820879000000001 -51.467619999999997
 5840 -24.820879000000001 -51.467619999999997
 5841 -24.820879000000001 -51.467619999999997
 5842 -24.820879000000001 -51.467619999999997
 5843 -24.820879000000001 -51.467619999999997
 5844 -24.820879000000001 -51.467619999999997
 5845 -24.820879000000001 -51.467619999999997
 5846 -24.820879000000001 -51.467619999999997
 5847 -24.820879000000001 -51.467619999999997
 5848 -24.820879000000001 -51.467619999999997
 5849 -24.820879000000001 -51.467619999999997
 5850 -24.820879000000001 -51.467619999999997
 5851 -24.820879000000001 -51.467619999999997
 5852 -24.820879000000001 -51.467619999999997
 5853 -24.820879000000001 -51.467619999999997
 5854 -24.820879000000001 -51.467619999999997
 5855 -24.820879000000001 -51.467619999999997
 5856 -24.820879000000001 -51.467619999999997
 5857 -24.820879000000001 -51.467619999999997
 5858 -24.820879000000001 -51.467619999999997
 5859 -24.820879000000001 -51.467619999999997
 5860 -24.820879000000001 -51.467619999999997
 5861 -24.820879000000001 -51.467619999999997
 5862 -24.820879000000001 -51.467619999999997
 5863 -24.820879000000001 -51.467619999999997
 5864 -24.820879000000001 -51.467619999999997
 5865 -24.820879000000001 -51.467619999999997
 5866 -24.820879000000001 -51.467619999999997
 5867 -24.820879000000001 -51.467619999999997
 5868 -24.820879000000001 -51.467619999999997
 5869 -24.820879000000001 -51.467619999999997
 5870 -24.820879000000001 -51.467619999999997
 5871 -24.820879000000001 -51.467619999999997
 5872 -24.820879000000001 -51.467619999999997
 5873 -24.820879000000001 -51.467619999999997
 5874 -24.820879000000001 -51.467619999999997
 5875 -24.820879000000001 -51.467619999999997
 5876 -24.820879000000001 -51.467619999999997
 5877 -24.820879000000001 -51.467619999999997
 5878 -24.820879000000001 -51.467619999999997
 5879 -24.820879000000001 -51.467619999999997
 5880 -24.820879000000001 -51.467619999999997
 5881 -24.820879000000001 -51.467619999999997
 5882 -24.820879000000001 -51.467619999999997
 5883 -24.820879000000001 -51.467619999999997
 5884 -24.820879000000001 -51.467619999999997
 5885 -24.820879000000001 -51.467619999999997
 5886 -24.820879000000001 -51.467619999999997
 5887 -24.820879000000001 -51.467619999999997
 5888 -24.820879000000001 -51.467619999999997
 5889 -24.820879000000001 -51.467619999999997
 5890 -24.820879000000001 -51.467619999999997
 5891 -24.820879000000001 -51.467619999999997
 5892 -24.820879000000001 -51.467619999999997
 5893 -24.820879000000001 -51.467619999999997
 5894 -24.820879000000001 -51.467619999999997
 5895 -24.820879000000001 -51.467619999999997
 5896 -24.820879000000001 -51.467619999999997
 5897 -24.820879000000001 -51.467619999999997
 5898 -24.820879000000001 -51.467619999999997
 5899 -24.820879000000001 -51.467619999999997
 5900 -24.820879000000001 -51.467619999999997
 5901 -24.820879000000001 -51.467619999999997
 5902 -24.820879000000001 -51.467619999999997
 5903 -24.820879000000001 -51.467619999999997
 5904 -24.820879000000001 -51.467619999999997
 5905 -24.820879000000001 -51.467619999999997
 5906 -24.820879000000001 -51.467619999999997
 5907 -24.820879000000001 -51.467619999999997
 5908 -24.820879000000001 -51.467619999999997
 5909 -24.820879000000001 -51.467619999999997
 5910 -24.820879000000001 -51.467619999999997
 5911 -24.820879000000001 -51.467619999999997
 5912 -24.820879000000001 -51.467619999999997
 5913 -24.820879000000001 -51.467619999999997
 5914 -24.820879000000001 -51.467619999999997
 5915 -24.820879000000001 -51.467619999999997
 5916 -24.820879000000001 -51.467619999999997
 5917 -24.820879000000001 -51.467619999999997
 5918 -24.820879000000001 -51.467619999999997
 5919 -24.820879000000001 -51.467619999999997
 5920 -24.820879000000001 -51.467619999999997
 5921 -24.820879000000001 -51.467619999999997
 5922 -24.820879000000001 -51.467619999999997
 5923 -24.820879000000001 -51.467619999999997
 5924 -24.820879000000001 -51.467619999999997
 5925 -24.820879000000001 -51.467619999999997
 5926 -24.820879000000001 -51.467619999999997
 5927 -24.820879000000001 -51.467619999999997
 5928 -24.820879000000001 -51.467619999999997
 5929 -24.820879000000001 -51.467619999999997
 5930 -24.820879000000001 -51.467619999999997
 5931 -24.820879000000001 -51.467619999999997
 5932 -24.820879000000001 -51.467619999999997
 5933 -24.820879000000001 -51.467619999999997
 5934 -24.820879000000001 -51.467619999999997
 5935 -24.820879000000001 -51.467619999999997
 5936 -24.820879000000001 -51.467619999999997
 5937 -24.820879000000001 -51.467619999999997
 5938 -24.820879000000001 -51.467619999999997
 5939 -24.820879000000001 -51.467619999999997
 5940 -24.820879000000001 -51.467619999999997
 5941 -24.820879000000001 -51.467619999999997
 5942 -24.820879000000001 -51.467619999999997
 5943 -24.820879000000001 -51.467619999999997
 5944 -24.820879000000001 -51.467619999999997
 5945 -24.820879000000001 -51.467619999999997
 5946 -24.820879000000001 -51.467619999999997
 5947 -24.820879000000001 -51.467619999999997
 5948 -24.820879000000001 -51.467619999999997
 5949 -24.820879000000001 -51.467619999999997
 5950 -24.820879000000001 -51.467619999999997
 5951 -24.820879000000001 -51.467619999999997
 5952 -24.820879000000001 -51.467619999999997
 5953 -24.820879000000001 -51.467619999999997
 5954 -24.820879000000001 -51.467619999999997
 5955 -24.820879000000001 -51.467619999999997
 5956 -24.820879000000001 -51.467619999999997
 5957 -24.820879000000001 -51.467619999999997
 5958 -24.820879000000001 -51.467619999999997
 5959 -24.820879000000001 -51.467619999999997
 5960 -24.820879000000001 -51.467619999999997
 5961 -24.820879000000001 -51.467619999999997
 5962 -24.820879000000001 -51.467619999999997
 5963 -24.820879000000001 -51.467619999999997
 5964 -24.820879000000001 -51.467619999999997
 5965 -24.820879000000001 -51.467619999999997
 5966 -24.820879000000001 -51.467619999999997
 5967 -24.820879000000001 -51.467619999999997
 5968 -24.820879000000001 -51.467619999999997
 5969 -24.820879000000001 -51.467619999999997
 5970 -24.820879000000001 -51.467619999999997
 5971 -24.820879000000001 -51.467619999999997
 5972 -24.820879000000001 -51.467619999999997
 5973 -24.820879000000001 -51.467619999999997
 5974 -24.820879000000001 -51.467619999999997
 5975 -24.820879000000001 -51.467619999999997
 5976 -24.820879000000001 -51.467619999999997
 5977 -24.820879000000001 -51.467619999999997
 5978 -24.820879000000001 -51.467619999999997
 5979 -24.820879000000001 -51.467619999999997
 5980 -24.820879000000001 -51.467619999999997
 5981 -24.820879000000001 -51.467619999999997
 6198 -29.899246999999999 -52.611328999999998
 6199 -29.899246999999999 -52.611328999999998
 6200 -29.899246999999999 -52.611328999999998
 6201 -29.899246999999999 -52.611328999999998
 6202 -29.899246999999999 -52.611328999999998
 6203 -29.899246999999999 -52.611328999999998
 6204 -29.899246999999999 -52.611328999999998
 6205 -29.899246999999999 -52.611328999999998
 6206 -29.899246999999999 -52.611328999999998
 6207 -29.899246999999999 -52.611328999999998
 6208 -29.899246999999999 -52.611328999999998
 6209 -29.899246999999999 -52.611328999999998
 6210 -29.899246999999999 -52.611328999999998
 6211 -29.899246999999999 -52.611328999999998
 6212 -29.899246999999999 -52.611328999999998
 6213 -29.899246999999999 -52.611328999999998
 6214 -29.899246999999999 -52.611328999999998
 6215 -29.899246999999999 -52.611328999999998
 6216 -29.899246999999999 -52.611328999999998
 6217 -29.899246999999999 -52.611328999999998
 6218 -29.899246999999999 -52.611328999999998
 6219 -29.899246999999999 -52.611328999999998
 6220 -29.899246999999999 -52.611328999999998
 6221 -29.899246999999999 -52.611328999999998
 6222 -29.899246999999999 -52.611328999999998
 6223 -29.899246999999999 -52.611328999999998
 6224 -29.899246999999999 -52.611328999999998
 6225 -29.899246999999999 -52.611328999999998
 6226 -29.899246999999999 -52.611328999999998
 6227 -29.899246999999999 -52.611328999999998
 6228 -29.899246999999999 -52.611328999999998
 6229 -29.899246999999999 -52.611328999999998
 6230 -29.899246999999999 -52.611328999999998
 6231 -29.899246999999999 -52.611328999999998
 6232 -29.899246999999999 -52.611328999999998
 6233 -29.899246999999999 -52.611328999999998
 6234 -29.899246999999999 -52.611328999999998
 6235 -29.899246999999999 -52.611328999999998
 6236 -29.899246999999999 -52.611328999999998
 6237 -29.899246999999999 -52.611328999999998
 6238 -29.899246999999999 -52.611328999999998
 6239 -29.899246999999999 -52.611328999999998
 6240 -29.899246999999999 -52.611328999999998
 6241 -29.899246999999999 -52.611328999999998
 6242 -29.899246999999999 -52.611328999999998
 6243 -29.899246999999999 -52.611328999999998
 6244 -29.899246999999999 -52.611328999999998
 6245 -29.899246999999999 -52.611328999999998
 6246 -29.899246999999999 -52.611328999999998
 6247 -29.899246999999999 -52.611328999999998
 6248 -29.899246999999999 -52.611328999999998
 6249 -29.899246999999999 -52.611328999999998
 6250 -29.899246999999999 -52.611328999999998
 6251 -29.899246999999999 -52.611328999999998
 6252 -29.899246999999999 -52.611328999999998
 6253 -29.899246999999999 -52.611328999999998
 6254 -29.899246999999999 -52.611328999999998
 6255 -29.899246999999999 -52.611328999999998
 6256 -29.899246999999999 -52.611328999999998
 6257 -29.899246999999999 -52.611328999999998
 6258 -29.899246999999999 -52.611328999999998
 6259 -29.899246999999999 -52.611328999999998
 6260          -29.724909 -53.838340000000002
 6261 -29.899246999999999 -52.611328999999998
 6262 -29.899246999999999 -52.611328999999998
 6263 -29.899246999999999 -52.611328999999998
 6264 -29.899246999999999 -52.611328999999998
 6265 -29.899246999999999 -52.611328999999998
 6266 -29.899246999999999 -52.611328999999998
 6267 -29.899246999999999 -52.611328999999998
 6268 -29.899246999999999 -52.611328999999998
 6269 -29.899246999999999 -52.611328999999998
 6270 -29.899246999999999 -52.611328999999998
 6271 -29.899246999999999 -52.611328999999998
 6272 -29.899246999999999 -52.611328999999998
 6273 -29.899246999999999 -52.611328999999998
 6274 -29.899246999999999 -52.611328999999998
 6275 -29.899246999999999 -52.611328999999998
 6276 -29.899246999999999 -52.611328999999998
 6277 -29.899246999999999 -52.611328999999998
 6278 -29.899246999999999 -52.611328999999998
 6279 -29.899246999999999 -52.611328999999998
 6280 -29.899246999999999 -52.611328999999998
 6281 -29.899246999999999 -52.611328999999998
 6282 -29.899246999999999 -52.611328999999998
 6283 -29.899246999999999 -52.611328999999998
 6284 -29.899246999999999 -52.611328999999998
 6285 -29.899246999999999 -52.611328999999998
 6286 -29.899246999999999 -52.611328999999998
 6287 -29.899246999999999 -52.611328999999998
 6288 -29.899246999999999 -52.611328999999998
 6289 -29.899246999999999 -52.611328999999998
 6290 -29.899246999999999 -52.611328999999998
 6291 -29.899246999999999 -52.611328999999998
 6292 -29.899246999999999 -52.611328999999998
 6293 -29.899246999999999 -52.611328999999998
 6294 -29.899246999999999 -52.611328999999998
 6295 -29.899246999999999 -52.611328999999998
 6296 -29.899246999999999 -52.611328999999998
 6297 -29.899246999999999 -52.611328999999998
 6298 -29.899246999999999 -52.611328999999998
 6299 -29.899246999999999 -52.611328999999998
 6300 -29.899246999999999 -52.611328999999998
 6301 -29.899246999999999 -52.611328999999998
 6302 -29.899246999999999 -52.611328999999998
 6303 -29.899246999999999 -52.611328999999998
 6304 -29.899246999999999 -52.611328999999998
 6305 -29.899246999999999 -52.611328999999998
 6306 -29.899246999999999 -52.611328999999998
 6307 -29.899246999999999 -52.611328999999998
 6308 -29.899246999999999 -52.611328999999998
 6309 -29.899246999999999 -52.611328999999998
 6310 -29.899246999999999 -52.611328999999998
 6311 -29.899246999999999 -52.611328999999998
 6312 -29.899246999999999 -52.611328999999998
 6313 -29.899246999999999 -52.611328999999998
 6314 -29.899246999999999 -52.611328999999998
 6315 -29.899246999999999 -52.611328999999998
 6316 -29.899246999999999 -52.611328999999998
 6317 -29.899246999999999 -52.611328999999998
 6318 -29.899246999999999 -52.611328999999998
 6319 -29.899246999999999 -52.611328999999998
 6320 -29.899246999999999 -52.611328999999998
 6321 -29.899246999999999 -52.611328999999998
 6322 -29.899246999999999 -52.611328999999998
 6323 -29.899246999999999 -52.611328999999998
 6324 -29.899246999999999 -52.611328999999998
 6325 -29.899246999999999 -52.611328999999998
 6326 -29.899246999999999 -52.611328999999998
 6327 -29.899246999999999 -52.611328999999998
 6328 -29.899246999999999 -52.611328999999998
 6329 -29.899246999999999 -52.611328999999998
 6330 -29.899246999999999 -52.611328999999998
 6331 -29.899246999999999 -52.611328999999998
 6332 -29.899246999999999 -52.611328999999998
 6333 -29.899246999999999 -52.611328999999998
 6334 -29.899246999999999 -52.611328999999998
 6335 -29.899246999999999 -52.611328999999998
 6336 -29.899246999999999 -52.611328999999998
 6337 -29.899246999999999 -52.611328999999998
 6338 -29.899246999999999 -52.611328999999998
 6339 -29.899246999999999 -52.611328999999998
 6340 -29.899246999999999 -52.611328999999998
 6341 -29.899246999999999 -52.611328999999998
 6342 -29.899246999999999 -52.611328999999998
 6343 -29.899246999999999 -52.611328999999998
 6344 -29.899246999999999 -52.611328999999998
 6345 -29.899246999999999 -52.611328999999998
 6346 -29.899246999999999 -52.611328999999998
 6347 -29.899246999999999 -52.611328999999998
 6348 -29.899246999999999 -52.611328999999998
 6349 -29.899246999999999 -52.611328999999998
 6350 -29.899246999999999 -52.611328999999998
 6351 -29.899246999999999 -52.611328999999998
 6352 -29.899246999999999 -52.611328999999998
 6353 -29.899246999999999 -52.611328999999998
 6354 -29.899246999999999 -52.611328999999998
 6355 -29.899246999999999 -52.611328999999998
 6356 -29.899246999999999 -52.611328999999998
 6357 -29.899246999999999 -52.611328999999998
 6358 -29.899246999999999 -52.611328999999998
 6359 -29.899246999999999 -52.611328999999998
 6360 -29.899246999999999 -52.611328999999998
 6361 -29.899246999999999 -52.611328999999998
 6362 -29.899246999999999 -52.611328999999998
 6363 -29.899246999999999 -52.611328999999998
 6364 -29.899246999999999 -52.611328999999998
 6365 -29.899246999999999 -52.611328999999998
 6366 -29.899246999999999 -52.611328999999998
 6367 -29.899246999999999 -52.611328999999998
 6368 -29.899246999999999 -52.611328999999998
 6369 -29.899246999999999 -52.611328999999998
 6370 -29.899246999999999 -52.611328999999998
 6371 -29.899246999999999 -52.611328999999998
 6372 -29.899246999999999 -52.611328999999998
 6373 -29.899246999999999 -52.611328999999998
 6374 -29.899246999999999 -52.611328999999998
 6375 -29.899246999999999 -52.611328999999998
 6376 -29.899246999999999 -52.611328999999998
 6377 -29.899246999999999 -52.611328999999998
 6378 -29.899246999999999 -52.611328999999998
 6379 -29.899246999999999 -52.611328999999998
 6380 -29.899246999999999 -52.611328999999998
 6381 -29.899246999999999 -52.611328999999998
 6382 -29.899246999999999 -52.611328999999998
 6383 -29.899246999999999 -52.611328999999998
 6384 -29.899246999999999 -52.611328999999998
 6385 -29.899246999999999 -52.611328999999998
 6386 -29.899246999999999 -52.611328999999998
 6387 -29.899246999999999 -52.611328999999998
 6388 -29.899246999999999 -52.611328999999998
 6389 -29.899246999999999 -52.611328999999998
 6390 -29.899246999999999 -52.611328999999998
 6391 -29.899246999999999 -52.611328999999998
 6392 -29.899246999999999 -52.611328999999998
 6393 -29.899246999999999 -52.611328999999998
 6394 -29.899246999999999 -52.611328999999998
 6395 -29.899246999999999 -52.611328999999998
 6396 -29.899246999999999 -52.611328999999998
 6397 -29.899246999999999 -52.611328999999998
 6398 -29.899246999999999 -52.611328999999998
 6399 -29.899246999999999 -52.611328999999998
 6400 -29.899246999999999 -52.611328999999998
 6401 -29.899246999999999 -52.611328999999998
 6402 -29.899246999999999 -52.611328999999998
 6403 -29.899246999999999 -52.611328999999998
 6404 -29.899246999999999 -52.611328999999998
 6405 -30.050077000000002 -51.207258000000003
 6406 -29.899246999999999 -52.611328999999998
 6407 -29.899246999999999 -52.611328999999998
 6408 -29.899246999999999 -52.611328999999998
 6409 -29.899246999999999 -52.611328999999998
 6410 -29.899246999999999 -52.611328999999998
 6411 -29.899246999999999 -52.611328999999998
 6412 -29.899246999999999 -52.611328999999998
 6413 -29.899246999999999 -52.611328999999998
 6414 -29.899246999999999 -52.611328999999998
 6415 -29.899246999999999 -52.611328999999998
 6416 -29.899246999999999 -52.611328999999998
 6417 -29.899246999999999 -52.611328999999998
 6418 -29.899246999999999 -52.611328999999998
 6419 -29.899246999999999 -52.611328999999998
 6420 -29.899246999999999 -52.611328999999998
 6421 -29.899246999999999 -52.611328999999998
 6422 -29.899246999999999 -52.611328999999998
 6423 -29.899246999999999 -52.611328999999998
 6424 -29.899246999999999 -52.611328999999998
 6425 -29.899246999999999 -52.611328999999998
 6426 -29.899246999999999 -52.611328999999998
 6427 -29.899246999999999 -52.611328999999998
 6428 -29.899246999999999 -52.611328999999998
 6429 -29.899246999999999 -52.611328999999998
 6430 -29.899246999999999 -52.611328999999998
 6431 -29.899246999999999 -52.611328999999998
 6432 -29.899246999999999 -52.611328999999998
 6433 -29.899246999999999 -52.611328999999998
 6434 -29.899246999999999 -52.611328999999998
 6435 -29.899246999999999 -52.611328999999998
 6436 -29.899246999999999 -52.611328999999998
 6437 -29.899246999999999 -52.611328999999998
 6438 -29.899246999999999 -52.611328999999998
 6439 -29.899246999999999 -52.611328999999998
 6440 -29.899246999999999 -52.611328999999998
 6441 -29.899246999999999 -52.611328999999998
 6442 -29.899246999999999 -52.611328999999998
 6443 -29.899246999999999 -52.611328999999998
 6444 -29.899246999999999 -52.611328999999998
 6445 -29.899246999999999 -52.611328999999998
 6446 -29.899246999999999 -52.611328999999998
 6447 -29.899246999999999 -52.611328999999998
 6448 -29.899246999999999 -52.611328999999998
 6449 -29.899246999999999 -52.611328999999998
 6450 -29.899246999999999 -52.611328999999998
 6451 -29.899246999999999 -52.611328999999998
 6452 -29.899246999999999 -52.611328999999998
 6453 -29.899246999999999 -52.611328999999998
 6454 -27.132975999999999 -50.582327999999997
 6455 -27.132975999999999 -50.582327999999997
 6456 -27.612963000000001 -48.510156000000002
 6457 -27.132975999999999 -50.582327999999997
 6458 -27.132975999999999 -50.582327999999997
 6459 -27.132975999999999 -50.582327999999997
 6460 -27.132975999999999 -50.582327999999997
 6461 -27.132975999999999 -50.582327999999997
 6462 -27.132975999999999 -50.582327999999997
 6463 -27.132975999999999 -50.582327999999997
 6464 -27.132975999999999 -50.582327999999997
 6465 -27.132975999999999 -50.582327999999997
 6466 -27.132975999999999 -50.582327999999997
 6467 -27.132975999999999 -50.582327999999997
 6468 -27.132975999999999 -50.582327999999997
 6469 -27.132975999999999 -50.582327999999997
 6470 -27.132975999999999 -50.582327999999997
 6471 -27.132975999999999 -50.582327999999997
 6472 -27.132975999999999 -50.582327999999997
 6473 -27.132975999999999 -50.582327999999997
 6474 -27.132975999999999 -50.582327999999997
 6475 -27.132975999999999 -50.582327999999997
 6476 -27.132975999999999 -50.582327999999997
 6477 -27.132975999999999 -50.582327999999997
 6478 -27.132975999999999 -50.582327999999997
 6479 -27.132975999999999 -50.582327999999997
 6480 -27.132975999999999 -50.582327999999997
 6481 -27.132975999999999 -50.582327999999997
 6482 -27.132975999999999 -50.582327999999997
 6483 -27.132975999999999 -50.582327999999997
 6484 -27.132975999999999 -50.582327999999997
 6485 -27.132975999999999 -50.582327999999997
 6486 -27.132975999999999 -50.582327999999997
 6487 -27.132975999999999 -50.582327999999997
 6488 -27.132975999999999 -50.582327999999997
 6489 -27.132975999999999 -50.582327999999997
 6490 -27.132975999999999 -50.582327999999997
 6491 -27.132975999999999 -50.582327999999997
 6492 -27.132975999999999 -50.582327999999997
 6493 -27.132975999999999 -50.582327999999997
 6494 -27.132975999999999 -50.582327999999997
 6495 -27.132975999999999 -50.582327999999997
 6496 -27.132975999999999 -50.582327999999997
 6497 -27.132975999999999 -50.582327999999997
 6498 -27.132975999999999 -50.582327999999997
 6499 -27.132975999999999 -50.582327999999997
 6500 -27.132975999999999 -50.582327999999997
 6501 -27.132975999999999 -50.582327999999997
 6502 -27.132975999999999 -50.582327999999997
 6503 -27.132975999999999 -50.582327999999997
 6504 -27.132975999999999 -50.582327999999997
 6505 -27.132975999999999 -50.582327999999997
 6506 -27.132975999999999 -50.582327999999997
 6507 -27.132975999999999 -50.582327999999997
 6508 -27.132975999999999 -50.582327999999997
 6509 -27.132975999999999 -50.582327999999997
 6510 -27.132975999999999 -50.582327999999997
 6511 -27.132975999999999 -50.582327999999997
 6512 -27.132975999999999 -50.582327999999997
 6513 -27.132975999999999 -50.582327999999997
 6514 -27.132975999999999 -50.582327999999997
 6515 -27.132975999999999 -50.582327999999997
 6516 -27.132975999999999 -50.582327999999997
 6517 -27.132975999999999 -50.582327999999997
 6518 -27.132975999999999 -50.582327999999997
 6519 -27.132975999999999 -50.582327999999997
 6520 -27.132975999999999 -50.582327999999997
 6521 -27.132975999999999 -50.582327999999997
 6522 -27.132975999999999 -50.582327999999997
 6523 -27.132975999999999 -50.582327999999997
 6524 -27.132975999999999 -50.582327999999997
 6525 -27.132975999999999 -50.582327999999997
 6526 -27.132975999999999 -50.582327999999997
 6527 -27.132975999999999 -50.582327999999997
 6528 -27.132975999999999 -50.582327999999997
 6529 -27.132975999999999 -50.582327999999997
 6530 -27.132975999999999 -50.582327999999997
 6531 -27.132975999999999 -50.582327999999997
 6532 -27.132975999999999 -50.582327999999997
 6533 -27.132975999999999 -50.582327999999997
 6534 -27.132975999999999 -50.582327999999997
 6535 -27.132975999999999 -50.582327999999997
 6536 -27.132975999999999 -50.582327999999997
 6537 -27.132975999999999 -50.582327999999997
 6538 -27.132975999999999 -50.582327999999997
 6539 -27.132975999999999 -50.582327999999997
 6540 -27.132975999999999 -50.582327999999997
 6541 -27.132975999999999 -50.582327999999997
 6542 -27.132975999999999 -50.582327999999997
 6543 -27.132975999999999 -50.582327999999997
 6544 -27.132975999999999 -50.582327999999997
 6545 -27.132975999999999 -50.582327999999997
 6546 -27.132975999999999 -50.582327999999997
 6547 -27.132975999999999 -50.582327999999997
 6548 -27.132975999999999 -50.582327999999997
 6549 -27.132975999999999 -50.582327999999997
 6550 -27.132975999999999 -50.582327999999997
 6551 -27.132975999999999 -50.582327999999997
 6552 -27.132975999999999 -50.582327999999997
 6553 -27.132975999999999 -50.582327999999997
 6554 -27.132975999999999 -50.582327999999997
 6555 -27.132975999999999 -50.582327999999997
 6556 -27.132975999999999 -50.582327999999997
 6557 -27.132975999999999 -50.582327999999997
 6558 -27.132975999999999 -50.582327999999997
 6559 -27.132975999999999 -50.582327999999997
 6560 -27.132975999999999 -50.582327999999997
 6561 -27.132975999999999 -50.582327999999997
 6562 -27.132975999999999 -50.582327999999997
 6563 -27.132975999999999 -50.582327999999997
 6564 -27.132975999999999 -50.582327999999997
 6565 -27.132975999999999 -50.582327999999997
 6566 -27.132975999999999 -50.582327999999997
 6567 -27.132975999999999 -50.582327999999997
 6568 -27.132975999999999 -50.582327999999997
 6569 -27.132975999999999 -50.582327999999997
 6570 -27.132975999999999 -50.582327999999997
 6571 -27.132975999999999 -50.582327999999997
 6572 -27.132975999999999 -50.582327999999997
 6573 -27.132975999999999 -50.582327999999997
 6574 -27.132975999999999 -50.582327999999997
 6575 -27.132975999999999 -50.582327999999997
 6576 -27.132975999999999 -50.582327999999997
 6577 -27.132975999999999 -50.582327999999997
 6578 -27.132975999999999 -50.582327999999997
 6579 -27.132975999999999 -50.582327999999997
 6580 -27.132975999999999 -50.582327999999997
 6581 -27.132975999999999 -50.582327999999997
 6582 -27.132975999999999 -50.582327999999997
 6583 -27.132975999999999 -50.582327999999997
 6584 -27.132975999999999 -50.582327999999997
 6585 -27.132975999999999 -50.582327999999997
 6586 -27.132975999999999 -50.582327999999997
 6587 -27.132975999999999 -50.582327999999997
 6588 -27.132975999999999 -50.582327999999997
 6589 -27.132975999999999 -50.582327999999997
 6590 -27.132975999999999 -50.582327999999997
 6591 -27.132975999999999 -50.582327999999997
 6592 -27.132975999999999 -50.582327999999997
 6593 -27.132975999999999 -50.582327999999997
 6594 -27.132975999999999 -50.582327999999997
 6595 -27.132975999999999 -50.582327999999997
 6596 -27.132975999999999 -50.582327999999997
 6597 -27.132975999999999 -50.582327999999997
 6598 -27.132975999999999 -50.582327999999997
 6599 -27.132975999999999 -50.582327999999997
 6600 -27.132975999999999 -50.582327999999997
 6601 -27.132975999999999 -50.582327999999997
 6602 -27.132975999999999 -50.582327999999997
 6603 -27.132975999999999 -50.582327999999997
 6604 -27.132975999999999 -50.582327999999997
 6605 -27.132975999999999 -50.582327999999997
 6606 -27.132975999999999 -50.582327999999997
 6607 -27.132975999999999 -50.582327999999997
 6608 -27.132975999999999 -50.582327999999997
 6609 -27.132975999999999 -50.582327999999997
 6610 -27.132975999999999 -50.582327999999997
 6611 -27.132975999999999 -50.582327999999997
 6612 -27.132975999999999 -50.582327999999997
 6613 -27.132975999999999 -50.582327999999997
 8023 -24.820879000000001 -51.467619999999997
 8024 -24.820879000000001 -51.467619999999997
 8025 -24.820879000000001 -51.467619999999997
 8026 -24.820879000000001 -51.467619999999997
 8027 -24.820879000000001 -51.467619999999997
 8028 -24.820879000000001 -51.467619999999997
 8029 -24.820879000000001 -51.467619999999997
 8030 -24.820879000000001 -51.467619999999997
 8031 -24.820879000000001 -51.467619999999997
 8032 -24.820879000000001 -51.467619999999997
 8033 -24.820879000000001 -51.467619999999997
 8034 -24.820879000000001 -51.467619999999997
 8035 -24.820879000000001 -51.467619999999997
 8036 -24.820879000000001 -51.467619999999997
 8037 -24.820879000000001 -51.467619999999997
 8038 -24.820879000000001 -51.467619999999997
 8039 -24.820879000000001 -51.467619999999997
 8040 -24.820879000000001 -51.467619999999997
 8041 -24.820879000000001 -51.467619999999997
 8042 -24.820879000000001 -51.467619999999997
 8043 -24.820879000000001 -51.467619999999997
 8044 -24.820879000000001 -51.467619999999997
 8045 -24.820879000000001 -51.467619999999997
 8046 -24.820879000000001 -51.467619999999997
 8047 -24.820879000000001 -51.467619999999997
 8048 -24.820879000000001 -51.467619999999997
 8049 -24.820879000000001 -51.467619999999997
 8050 -24.820879000000001 -51.467619999999997
 8051 -24.820879000000001 -51.467619999999997
 8052 -24.820879000000001 -51.467619999999997
 8053 -24.820879000000001 -51.467619999999997
 8054 -24.820879000000001 -51.467619999999997
 8055 -24.820879000000001 -51.467619999999997
 8056 -24.820879000000001 -51.467619999999997
 8057 -24.820879000000001 -51.467619999999997
 8058 -24.820879000000001 -51.467619999999997
 8059 -24.820879000000001 -51.467619999999997
 8060 -24.820879000000001 -51.467619999999997
 8061 -24.820879000000001 -51.467619999999997
 8062 -24.820879000000001 -51.467619999999997
 8063 -24.820879000000001 -51.467619999999997
 8064 -24.820879000000001 -51.467619999999997
 8065 -24.820879000000001 -51.467619999999997
 8066 -24.820879000000001 -51.467619999999997
 8067 -24.820879000000001 -51.467619999999997
 8068 -24.820879000000001 -51.467619999999997
 8069 -24.820879000000001 -51.467619999999997
 8070 -24.820879000000001 -51.467619999999997
 8071 -24.820879000000001 -51.467619999999997
 8072 -24.820879000000001 -51.467619999999997
 8073 -24.820879000000001 -51.467619999999997
 8074 -24.820879000000001 -51.467619999999997
 8075 -24.820879000000001 -51.467619999999997
 8076 -24.820879000000001 -51.467619999999997
 8077 -24.820879000000001 -51.467619999999997
 8078 -24.820879000000001 -51.467619999999997
 8079 -24.820879000000001 -51.467619999999997
 8080 -24.820879000000001 -51.467619999999997
 8081 -24.820879000000001 -51.467619999999997
 8082 -24.820879000000001 -51.467619999999997
 8083 -24.820879000000001 -51.467619999999997
 8084 -24.820879000000001 -51.467619999999997
 8085 -24.820879000000001 -51.467619999999997
 8086 -24.820879000000001 -51.467619999999997
 8087 -24.820879000000001 -51.467619999999997
 8088 -24.820879000000001 -51.467619999999997
 8089 -24.820879000000001 -51.467619999999997
 8090 -24.820879000000001 -51.467619999999997
 8091 -24.820879000000001 -51.467619999999997
 8092 -24.820879000000001 -51.467619999999997
 8093 -24.820879000000001 -51.467619999999997
 8094 -24.820879000000001 -51.467619999999997
 8095 -24.820879000000001 -51.467619999999997
 8096 -24.820879000000001 -51.467619999999997
 8097 -24.820879000000001 -51.467619999999997
 8098 -24.820879000000001 -51.467619999999997
 8099 -24.820879000000001 -51.467619999999997
 8100 -24.820879000000001 -51.467619999999997
 8101 -24.820879000000001 -51.467619999999997
 8102 -24.820879000000001 -51.467619999999997
 8103 -24.820879000000001 -51.467619999999997
 8104 -24.820879000000001 -51.467619999999997
 8105 -24.820879000000001 -51.467619999999997
 8106 -24.820879000000001 -51.467619999999997
 8107 -24.820879000000001 -51.467619999999997
 8108 -24.820879000000001 -51.467619999999997
 8109 -24.820879000000001 -51.467619999999997
 8110 -24.820879000000001 -51.467619999999997
 8111 -24.820879000000001 -51.467619999999997
 8112 -24.820879000000001 -51.467619999999997
 8113 -24.820879000000001 -51.467619999999997
 8114 -24.820879000000001 -51.467619999999997
 8115 -24.820879000000001 -51.467619999999997
 8116 -24.820879000000001 -51.467619999999997
 8117 -24.820879000000001 -51.467619999999997
 8118 -24.820879000000001 -51.467619999999997
 8119 -24.820879000000001 -51.467619999999997
 8120 -24.820879000000001 -51.467619999999997
 8121 -24.820879000000001 -51.467619999999997
 8122 -24.820879000000001 -51.467619999999997
 8123 -24.820879000000001 -51.467619999999997
 8124 -24.820879000000001 -51.467619999999997
 8125 -24.820879000000001 -51.467619999999997
 8126 -24.820879000000001 -51.467619999999997
 8127 -24.820879000000001 -51.467619999999997
 8128 -24.820879000000001 -51.467619999999997
 8129 -24.820879000000001 -51.467619999999997
 8130 -24.820879000000001 -51.467619999999997
 8131 -24.820879000000001 -51.467619999999997
 8132 -24.820879000000001 -51.467619999999997
 8133 -24.820879000000001 -51.467619999999997
 8134 -24.820879000000001 -51.467619999999997
 8135 -24.820879000000001 -51.467619999999997
 8136 -24.820879000000001 -51.467619999999997
 8137 -24.820879000000001 -51.467619999999997
 8138 -24.820879000000001 -51.467619999999997
 8139 -24.820879000000001 -51.467619999999997
 8140 -24.820879000000001 -51.467619999999997
 8141 -24.820879000000001 -51.467619999999997
 8142 -24.820879000000001 -51.467619999999997
 8143 -24.820879000000001 -51.467619999999997
 8144 -24.820879000000001 -51.467619999999997
 8145 -24.820879000000001 -51.467619999999997
 8146 -24.820879000000001 -51.467619999999997
 8147 -24.820879000000001 -51.467619999999997
 8148 -24.820879000000001 -51.467619999999997
 8149 -24.820879000000001 -51.467619999999997
 8150 -24.820879000000001 -51.467619999999997
 8151 -24.820879000000001 -51.467619999999997
 8152 -24.820879000000001 -51.467619999999997
 8153 -24.820879000000001 -51.467619999999997
 8154 -24.820879000000001 -51.467619999999997
 8155 -24.820879000000001 -51.467619999999997
 8156 -24.820879000000001 -51.467619999999997
 8157 -24.820879000000001 -51.467619999999997
 8158 -24.820879000000001 -51.467619999999997
 8159 -24.820879000000001 -51.467619999999997
 8160 -24.820879000000001 -51.467619999999997
 8161 -24.820879000000001 -51.467619999999997
 8162 -24.820879000000001 -51.467619999999997
 8163 -24.820879000000001 -51.467619999999997
 8164 -24.820879000000001 -51.467619999999997
 8165 -24.820879000000001 -51.467619999999997
 8166 -24.820879000000001 -51.467619999999997
 8167 -24.820879000000001 -51.467619999999997
 8168 -24.820879000000001 -51.467619999999997
 8169 -24.820879000000001 -51.467619999999997
 8170 -24.820879000000001 -51.467619999999997
 8171 -24.820879000000001 -51.467619999999997
 8172 -24.820879000000001 -51.467619999999997
 8173 -24.820879000000001 -51.467619999999997
 8174 -24.820879000000001 -51.467619999999997
 8175 -24.820879000000001 -51.467619999999997
 8176 -24.820879000000001 -51.467619999999997
 8177 -24.820879000000001 -51.467619999999997
 8178 -24.820879000000001 -51.467619999999997
 8179 -24.820879000000001 -51.467619999999997
 8180 -24.820879000000001 -51.467619999999997
 8181 -24.820879000000001 -51.467619999999997
 8182 -24.820879000000001 -51.467619999999997
 8183 -24.820879000000001 -51.467619999999997
 8184 -24.820879000000001 -51.467619999999997
 8185 -24.820879000000001 -51.467619999999997
 8186 -24.820879000000001 -51.467619999999997
 8187 -24.820879000000001 -51.467619999999997
 8188 -24.820879000000001 -51.467619999999997
 8189 -24.820879000000001 -51.467619999999997
 8190 -24.820879000000001 -51.467619999999997
 8191 -24.820879000000001 -51.467619999999997
 8192 -24.820879000000001 -51.467619999999997
 8193 -24.820879000000001 -51.467619999999997
 8194 -24.820879000000001 -51.467619999999997
 8195 -24.820879000000001 -51.467619999999997
 8196 -24.820879000000001 -51.467619999999997
 8197 -24.820879000000001 -51.467619999999997
 8198 -24.820879000000001 -51.467619999999997
 8199 -24.820879000000001 -51.467619999999997
 8200 -24.820879000000001 -51.467619999999997
 8201 -24.820879000000001 -51.467619999999997
 8202 -24.820879000000001 -51.467619999999997
 8203 -24.820879000000001 -51.467619999999997
 8204 -24.820879000000001 -51.467619999999997
 8205 -24.820879000000001 -51.467619999999997
 8206 -24.820879000000001 -51.467619999999997
 8207 -24.820879000000001 -51.467619999999997
 8208 -24.820879000000001 -51.467619999999997
 8209 -24.820879000000001 -51.467619999999997
 8210 -24.820879000000001 -51.467619999999997
 8211 -24.820879000000001 -51.467619999999997
 8212 -24.820879000000001 -51.467619999999997
 8213 -24.820879000000001 -51.467619999999997
 8214 -24.820879000000001 -51.467619999999997
 8415 -29.899246999999999 -52.611328999999998
 8416 -29.899246999999999 -52.611328999999998
 8417 -29.899246999999999 -52.611328999999998
 8418 -29.899246999999999 -52.611328999999998
 8419 -29.899246999999999 -52.611328999999998
 8420 -29.899246999999999 -52.611328999999998
 8421 -29.899246999999999 -52.611328999999998
 8422 -29.899246999999999 -52.611328999999998
 8423 -29.899246999999999 -52.611328999999998
 8424 -29.899246999999999 -52.611328999999998
 8425 -29.899246999999999 -52.611328999999998
 8426 -29.899246999999999 -52.611328999999998
 8427 -29.899246999999999 -52.611328999999998
 8428 -29.899246999999999 -52.611328999999998
 8429 -29.899246999999999 -52.611328999999998
 8430 -29.899246999999999 -52.611328999999998
 8431 -29.899246999999999 -52.611328999999998
 8432 -29.899246999999999 -52.611328999999998
 8433 -29.899246999999999 -52.611328999999998
 8434 -29.899246999999999 -52.611328999999998
 8435 -29.899246999999999 -52.611328999999998
 8436 -29.899246999999999 -52.611328999999998
 8437 -29.899246999999999 -52.611328999999998
 8438 -29.899246999999999 -52.611328999999998
 8439 -29.899246999999999 -52.611328999999998
 8440 -29.899246999999999 -52.611328999999998
 8441 -29.899246999999999 -52.611328999999998
 8442 -29.899246999999999 -52.611328999999998
 8443 -29.899246999999999 -52.611328999999998
 8444 -29.899246999999999 -52.611328999999998
 8445 -29.899246999999999 -52.611328999999998
 8446 -29.899246999999999 -52.611328999999998
 8447 -29.899246999999999 -52.611328999999998
 8448 -29.899246999999999 -52.611328999999998
 8449 -29.899246999999999 -52.611328999999998
 8450 -29.899246999999999 -52.611328999999998
 8451 -29.899246999999999 -52.611328999999998
 8452 -29.899246999999999 -52.611328999999998
 8453 -29.899246999999999 -52.611328999999998
 8454 -29.899246999999999 -52.611328999999998
 8455 -29.899246999999999 -52.611328999999998
 8456 -29.899246999999999 -52.611328999999998
 8457 -29.899246999999999 -52.611328999999998
 8458 -29.899246999999999 -52.611328999999998
 8459 -29.899246999999999 -52.611328999999998
 8460 -29.899246999999999 -52.611328999999998
 8461 -29.899246999999999 -52.611328999999998
 8462 -29.899246999999999 -52.611328999999998
 8463 -29.899246999999999 -52.611328999999998
 8464 -29.899246999999999 -52.611328999999998
 8465 -29.899246999999999 -52.611328999999998
 8466 -29.899246999999999 -52.611328999999998
 8467 -29.899246999999999 -52.611328999999998
 8468 -29.899246999999999 -52.611328999999998
 8469 -29.899246999999999 -52.611328999999998
 8470 -29.899246999999999 -52.611328999999998
 8471 -29.899246999999999 -52.611328999999998
 8472 -29.899246999999999 -52.611328999999998
 8473 -29.899246999999999 -52.611328999999998
 8474 -29.899246999999999 -52.611328999999998
 8475 -29.899246999999999 -52.611328999999998
 8476 -29.899246999999999 -52.611328999999998
 8477 -29.899246999999999 -52.611328999999998
 8478 -29.899246999999999 -52.611328999999998
 8479 -29.899246999999999 -52.611328999999998
 8480 -29.899246999999999 -52.611328999999998
 8481 -29.899246999999999 -52.611328999999998
 8482 -29.899246999999999 -52.611328999999998
 8483 -29.899246999999999 -52.611328999999998
 8484 -29.899246999999999 -52.611328999999998
 8485 -29.899246999999999 -52.611328999999998
 8486 -29.899246999999999 -52.611328999999998
 8487 -29.899246999999999 -52.611328999999998
 8488 -29.899246999999999 -52.611328999999998
 8489 -29.899246999999999 -52.611328999999998
 8490 -29.899246999999999 -52.611328999999998
 8491 -29.899246999999999 -52.611328999999998
 8492 -29.899246999999999 -52.611328999999998
 8493 -29.899246999999999 -52.611328999999998
 8494 -29.899246999999999 -52.611328999999998
 8495 -29.899246999999999 -52.611328999999998
 8496 -29.899246999999999 -52.611328999999998
 8497 -29.899246999999999 -52.611328999999998
 8498 -29.899246999999999 -52.611328999999998
 8499 -29.899246999999999 -52.611328999999998
 8500 -29.899246999999999 -52.611328999999998
 8501 -29.899246999999999 -52.611328999999998
 8502 -29.899246999999999 -52.611328999999998
 8503 -29.899246999999999 -52.611328999999998
 8504 -29.899246999999999 -52.611328999999998
 8505 -29.899246999999999 -52.611328999999998
 8506 -29.899246999999999 -52.611328999999998
 8507 -29.899246999999999 -52.611328999999998
 8508 -29.899246999999999 -52.611328999999998
 8509 -29.899246999999999 -52.611328999999998
 8510 -29.899246999999999 -52.611328999999998
 8511 -29.899246999999999 -52.611328999999998
 8512 -29.899246999999999 -52.611328999999998
 8513 -29.899246999999999 -52.611328999999998
 8514 -29.899246999999999 -52.611328999999998
 8515 -29.899246999999999 -52.611328999999998
 8516 -29.899246999999999 -52.611328999999998
 8517 -29.899246999999999 -52.611328999999998
 8518 -29.899246999999999 -52.611328999999998
 8519 -29.899246999999999 -52.611328999999998
 8520 -29.899246999999999 -52.611328999999998
 8521 -29.899246999999999 -52.611328999999998
 8522 -29.899246999999999 -52.611328999999998
 8523 -29.899246999999999 -52.611328999999998
 8524 -29.899246999999999 -52.611328999999998
 8525 -29.899246999999999 -52.611328999999998
 8526 -29.899246999999999 -52.611328999999998
 8527 -29.899246999999999 -52.611328999999998
 8528 -29.899246999999999 -52.611328999999998
 8529 -29.899246999999999 -52.611328999999998
 8530 -29.899246999999999 -52.611328999999998
 8531 -29.899246999999999 -52.611328999999998
 8532 -29.899246999999999 -52.611328999999998
 8533 -29.899246999999999 -52.611328999999998
 8534 -29.899246999999999 -52.611328999999998
 8535 -29.899246999999999 -52.611328999999998
 8536 -29.899246999999999 -52.611328999999998
 8537 -29.899246999999999 -52.611328999999998
 8538 -29.899246999999999 -52.611328999999998
 8539 -29.899246999999999 -52.611328999999998
 8540 -29.899246999999999 -52.611328999999998
 8541 -29.899246999999999 -52.611328999999998
 8542 -29.899246999999999 -52.611328999999998
 8543 -29.899246999999999 -52.611328999999998
 8544 -29.899246999999999 -52.611328999999998
 8545 -29.899246999999999 -52.611328999999998
 8546 -29.899246999999999 -52.611328999999998
 8547 -29.899246999999999 -52.611328999999998
 8548 -29.899246999999999 -52.611328999999998
 8549 -29.899246999999999 -52.611328999999998
 8550 -29.899246999999999 -52.611328999999998
 8551 -29.899246999999999 -52.611328999999998
 8552 -29.899246999999999 -52.611328999999998
 8553 -29.899246999999999 -52.611328999999998
 8554 -29.899246999999999 -52.611328999999998
 8555 -29.899246999999999 -52.611328999999998
 8556 -29.899246999999999 -52.611328999999998
 8557 -29.899246999999999 -52.611328999999998
 8558 -29.899246999999999 -52.611328999999998
 8559 -29.899246999999999 -52.611328999999998
 8560 -29.899246999999999 -52.611328999999998
 8561 -29.899246999999999 -52.611328999999998
 8562 -29.899246999999999 -52.611328999999998
 8563 -29.899246999999999 -52.611328999999998
 8564 -29.899246999999999 -52.611328999999998
 8565 -29.899246999999999 -52.611328999999998
 8566 -29.899246999999999 -52.611328999999998
 8567 -29.899246999999999 -52.611328999999998
 8568 -29.899246999999999 -52.611328999999998
 8569 -29.899246999999999 -52.611328999999998
 8570 -29.899246999999999 -52.611328999999998
 8571 -29.899246999999999 -52.611328999999998
 8572 -29.899246999999999 -52.611328999999998
 8573 -29.899246999999999 -52.611328999999998
 8574 -29.899246999999999 -52.611328999999998
 8575 -29.899246999999999 -52.611328999999998
 8576 -29.899246999999999 -52.611328999999998
 8577 -29.899246999999999 -52.611328999999998
 8578 -29.899246999999999 -52.611328999999998
 8579 -29.899246999999999 -52.611328999999998
 8580 -29.899246999999999 -52.611328999999998
 8581 -29.899246999999999 -52.611328999999998
 8582 -29.899246999999999 -52.611328999999998
 8583 -29.899246999999999 -52.611328999999998
 8584 -29.899246999999999 -52.611328999999998
 8585 -29.899246999999999 -52.611328999999998
 8586 -29.899246999999999 -52.611328999999998
 8587 -29.899246999999999 -52.611328999999998
 8588 -29.899246999999999 -52.611328999999998
 8589 -29.899246999999999 -52.611328999999998
 8590 -29.899246999999999 -52.611328999999998
 8591 -29.899246999999999 -52.611328999999998
 8592 -29.899246999999999 -52.611328999999998
 8593 -29.899246999999999 -52.611328999999998
 8594 -29.899246999999999 -52.611328999999998
 8595 -29.899246999999999 -52.611328999999998
 8596 -29.899246999999999 -52.611328999999998
 8597 -29.899246999999999 -52.611328999999998
 8598 -29.899246999999999 -52.611328999999998
 8599 -29.899246999999999 -52.611328999999998
 8600 -29.899246999999999 -52.611328999999998
 8601 -29.899246999999999 -52.611328999999998
 8602 -29.899246999999999 -52.611328999999998
 8603 -29.899246999999999 -52.611328999999998
 8604 -29.899246999999999 -52.611328999999998
 8605 -29.899246999999999 -52.611328999999998
 8606 -29.899246999999999 -52.611328999999998
 8607 -29.899246999999999 -52.611328999999998
 8608 -29.899246999999999 -52.611328999999998
 8609 -29.899246999999999 -52.611328999999998
 8610 -29.899246999999999 -52.611328999999998
 8611 -29.899246999999999 -52.611328999999998
 8612 -29.899246999999999 -52.611328999999998
 8613 -29.899246999999999 -52.611328999999998
 8614 -29.899246999999999 -52.611328999999998
 8615 -29.899246999999999 -52.611328999999998
 8616 -29.899246999999999 -52.611328999999998
 8617 -29.899246999999999 -52.611328999999998
 8618 -29.899246999999999 -52.611328999999998
 8619 -29.899246999999999 -52.611328999999998
 8620 -29.899246999999999 -52.611328999999998
 8621 -29.899246999999999 -52.611328999999998
 8622 -29.899246999999999 -52.611328999999998
 8623 -29.899246999999999 -52.611328999999998
 8624 -29.899246999999999 -52.611328999999998
 8625 -29.899246999999999 -52.611328999999998
 8626 -29.899246999999999 -52.611328999999998
 8627 -29.899246999999999 -52.611328999999998
 8628 -29.899246999999999 -52.611328999999998
 8629 -29.899246999999999 -52.611328999999998
 8630 -29.899246999999999 -52.611328999999998
 8631 -29.899246999999999 -52.611328999999998
 8632 -29.899246999999999 -52.611328999999998
 8633 -29.899246999999999 -52.611328999999998
 8634 -29.899246999999999 -52.611328999999998
 8635 -29.899246999999999 -52.611328999999998
 8636 -29.899246999999999 -52.611328999999998
 8637 -29.899246999999999 -52.611328999999998
 8638 -29.899246999999999 -52.611328999999998
 8639 -29.899246999999999 -52.611328999999998
 8640 -29.899246999999999 -52.611328999999998
 8641 -29.899246999999999 -52.611328999999998
 8642 -29.899246999999999 -52.611328999999998
 8643 -29.899246999999999 -52.611328999999998
 8644 -29.899246999999999 -52.611328999999998
 8645 -29.899246999999999 -52.611328999999998
 8646 -29.899246999999999 -52.611328999999998
 8647 -29.899246999999999 -52.611328999999998
 8648 -29.899246999999999 -52.611328999999998
 8649 -29.899246999999999 -52.611328999999998
 8650 -29.899246999999999 -52.611328999999998
 8651 -29.899246999999999 -52.611328999999998
 8652 -29.899246999999999 -52.611328999999998
 8653 -29.899246999999999 -52.611328999999998
 8654 -29.899246999999999 -52.611328999999998
 8655 -29.899246999999999 -52.611328999999998
 8656 -29.899246999999999 -52.611328999999998
 8657 -29.899246999999999 -52.611328999999998
 8658 -29.899246999999999 -52.611328999999998
 8659 -29.899246999999999 -52.611328999999998
 8660 -29.899246999999999 -52.611328999999998
 8661 -29.899246999999999 -52.611328999999998
 8662 -29.899246999999999 -52.611328999999998
 8663 -29.899246999999999 -52.611328999999998
 8664 -29.899246999999999 -52.611328999999998
 8665 -29.899246999999999 -52.611328999999998
 8666 -29.899246999999999 -52.611328999999998
 8667 -29.899246999999999 -52.611328999999998
 8668 -29.899246999999999 -52.611328999999998
 8669 -29.899246999999999 -52.611328999999998
 8670 -29.899246999999999 -52.611328999999998
 8671 -27.132975999999999 -50.582327999999997
 8672 -27.132975999999999 -50.582327999999997
 8673 -27.132975999999999 -50.582327999999997
 8674 -27.132975999999999 -50.582327999999997
 8675 -27.132975999999999 -50.582327999999997
 8676 -27.132975999999999 -50.582327999999997
 8677 -27.132975999999999 -50.582327999999997
 8678 -27.132975999999999 -50.582327999999997
 8679 -27.132975999999999 -50.582327999999997
 8680 -27.132975999999999 -50.582327999999997
 8681 -27.132975999999999 -50.582327999999997
 8682 -27.132975999999999 -50.582327999999997
 8683 -27.132975999999999 -50.582327999999997
 8684 -27.132975999999999 -50.582327999999997
 8685 -27.132975999999999 -50.582327999999997
 8686 -27.132975999999999 -50.582327999999997
 8687 -27.132975999999999 -50.582327999999997
 8688 -27.132975999999999 -50.582327999999997
 8689 -27.132975999999999 -50.582327999999997
 8690 -27.132975999999999 -50.582327999999997
 8691 -27.132975999999999 -50.582327999999997
 8692 -27.132975999999999 -50.582327999999997
 8693 -27.132975999999999 -50.582327999999997
 8694 -27.132975999999999 -50.582327999999997
 8695 -27.132975999999999 -50.582327999999997
 8696 -27.132975999999999 -50.582327999999997
 8697 -27.132975999999999 -50.582327999999997
 8698 -27.132975999999999 -50.582327999999997
 8699 -27.132975999999999 -50.582327999999997
 8700 -27.132975999999999 -50.582327999999997
 8701 -27.132975999999999 -50.582327999999997
 8702 -27.132975999999999 -50.582327999999997
 8703 -27.132975999999999 -50.582327999999997
 8704 -27.132975999999999 -50.582327999999997
 8705 -27.132975999999999 -50.582327999999997
 8706 -27.132975999999999 -50.582327999999997
 8707 -27.132975999999999 -50.582327999999997
 8708 -27.132975999999999 -50.582327999999997
 8709 -27.132975999999999 -50.582327999999997
 8710 -27.132975999999999 -50.582327999999997
 8711 -27.132975999999999 -50.582327999999997
 8712 -27.132975999999999 -50.582327999999997
 8713 -27.132975999999999 -50.582327999999997
 8714 -27.132975999999999 -50.582327999999997
 8715 -27.132975999999999 -50.582327999999997
 8716 -27.132975999999999 -50.582327999999997
 8717 -27.132975999999999 -50.582327999999997
 8718 -27.132975999999999 -50.582327999999997
 8719 -27.132975999999999 -50.582327999999997
 8720 -27.132975999999999 -50.582327999999997
 8721 -27.132975999999999 -50.582327999999997
 8722 -27.132975999999999 -50.582327999999997
 8723 -27.132975999999999 -50.582327999999997
 8724 -27.132975999999999 -50.582327999999997
 8725 -27.132975999999999 -50.582327999999997
 8726 -27.132975999999999 -50.582327999999997
 8727 -27.132975999999999 -50.582327999999997
 8728 -27.132975999999999 -50.582327999999997
 8729 -27.132975999999999 -50.582327999999997
 8730 -27.132975999999999 -50.582327999999997
 8731 -27.132975999999999 -50.582327999999997
 8732 -27.132975999999999 -50.582327999999997
 8733 -27.132975999999999 -50.582327999999997
 8734 -27.132975999999999 -50.582327999999997
 8735 -27.132975999999999 -50.582327999999997
 8736 -27.132975999999999 -50.582327999999997
 8737 -27.132975999999999 -50.582327999999997
 8738 -27.132975999999999 -50.582327999999997
 8739 -27.132975999999999 -50.582327999999997
 8740 -27.132975999999999 -50.582327999999997
 8741 -27.132975999999999 -50.582327999999997
 8742 -27.132975999999999 -50.582327999999997
 8743 -27.132975999999999 -50.582327999999997
 8744 -27.132975999999999 -50.582327999999997
 8745 -27.132975999999999 -50.582327999999997
 8746 -27.132975999999999 -50.582327999999997
 8747 -27.132975999999999 -50.582327999999997
 8748 -27.132975999999999 -50.582327999999997
 8749 -27.132975999999999 -50.582327999999997
 8750 -27.132975999999999 -50.582327999999997
 8751 -27.132975999999999 -50.582327999999997
 8752 -27.132975999999999 -50.582327999999997
 8753 -27.132975999999999 -50.582327999999997
 8754 -27.132975999999999 -50.582327999999997
 8755 -27.132975999999999 -50.582327999999997
 8756 -27.132975999999999 -50.582327999999997
 8757 -27.132975999999999 -50.582327999999997
 8758 -27.132975999999999 -50.582327999999997
 8759 -27.132975999999999 -50.582327999999997
 8760 -27.132975999999999 -50.582327999999997
 8761 -27.132975999999999 -50.582327999999997
 8762 -27.132975999999999 -50.582327999999997
 8763 -27.132975999999999 -50.582327999999997
 8764 -27.132975999999999 -50.582327999999997
 8765 -27.132975999999999 -50.582327999999997
 8766 -27.132975999999999 -50.582327999999997
 8767 -27.132975999999999 -50.582327999999997
 8768 -27.132975999999999 -50.582327999999997
 8769 -27.132975999999999 -50.582327999999997
 8770 -27.132975999999999 -50.582327999999997
 8771 -27.132975999999999 -50.582327999999997
 8772 -27.132975999999999 -50.582327999999997
 8773 -27.132975999999999 -50.582327999999997
 8774 -27.132975999999999 -50.582327999999997
 8775 -27.132975999999999 -50.582327999999997
 8776 -27.132975999999999 -50.582327999999997
 8777 -27.132975999999999 -50.582327999999997
 8778 -27.132975999999999 -50.582327999999997
 8779 -27.132975999999999 -50.582327999999997
 8780 -27.132975999999999 -50.582327999999997
 8781 -27.132975999999999 -50.582327999999997
 8782 -27.132975999999999 -50.582327999999997
 8783 -27.132975999999999 -50.582327999999997
 8784 -27.132975999999999 -50.582327999999997
 8785 -27.132975999999999 -50.582327999999997
 8786 -27.132975999999999 -50.582327999999997
 8787 -27.132975999999999 -50.582327999999997
 8788 -27.132975999999999 -50.582327999999997
 8789 -27.132975999999999 -50.582327999999997
 8790 -27.132975999999999 -50.582327999999997
 8791 -27.132975999999999 -50.582327999999997
 8792 -27.132975999999999 -50.582327999999997
 8793 -27.132975999999999 -50.582327999999997
 8794 -27.132975999999999 -50.582327999999997
 8795 -27.132975999999999 -50.582327999999997
 8796 -27.132975999999999 -50.582327999999997
 8797 -27.132975999999999 -50.582327999999997
 8798 -27.132975999999999 -50.582327999999997
 8799 -27.132975999999999 -50.582327999999997
 8800 -27.132975999999999 -50.582327999999997
 8801 -27.132975999999999 -50.582327999999997
 8802 -27.132975999999999 -50.582327999999997
 8803 -27.132975999999999 -50.582327999999997
 8804 -27.132975999999999 -50.582327999999997
 8805 -27.132975999999999 -50.582327999999997
 8806 -27.132975999999999 -50.582327999999997
 8807 -27.132975999999999 -50.582327999999997
 8808 -27.132975999999999 -50.582327999999997
 8809 -27.132975999999999 -50.582327999999997
 8810 -27.132975999999999 -50.582327999999997
 8811 -27.132975999999999 -50.582327999999997
 8812 -27.132975999999999 -50.582327999999997
 8813 -27.132975999999999 -50.582327999999997
 8814 -27.132975999999999 -50.582327999999997
 8815 -27.132975999999999 -50.582327999999997
 8816 -27.132975999999999 -50.582327999999997
 8817 -27.132975999999999 -50.582327999999997
 8818 -27.132975999999999 -50.582327999999997
 8819 -27.132975999999999 -50.582327999999997
 8820 -27.132975999999999 -50.582327999999997
 8821 -27.132975999999999 -50.582327999999997
 8822 -27.132975999999999 -50.582327999999997
 8823 -27.132975999999999 -50.582327999999997
 8824 -27.132975999999999 -50.582327999999997
 8825 -27.132975999999999 -50.582327999999997
 8826 -27.132975999999999 -50.582327999999997
 8827 -27.132975999999999 -50.582327999999997
 8828 -27.132975999999999 -50.582327999999997
 8829 -27.132975999999999 -50.582327999999997
 8830 -27.132975999999999 -50.582327999999997
